https://www.goodchoice.kr/product/detail?ano=823&adcno=1&sel_date=2023-07-30&sel_date2=2023-07-31
https://www.goodchoice.kr/product/detail?ano=3540&adcno=1&sel_date=2023-07-30&sel_date2=2023-07-31
https://www.goodchoice.kr/product/detail?ano=67954&adcno=1&sel_date=2023-07-30&sel_date2=2023-07-31
https://www.goodchoice.kr/product/detail?ano=3205&adcno=1&sel_date=2023-07-30&sel_date2=2023-07-31
https://www.goodchoice.kr/product/detail?ano=55388&adcno=1&sel_date=2023-07-30&sel_date2=2023-07-31
https://www.goodchoice.kr/product/detail?ano=46775&adcno=1&sel_date=2023-07-30&sel_date2=2023-07-31
https://www.goodchoice.kr/product/detail?ano=826&adcno=1&sel_date=2023-07-30&sel_date2=2023-07-31
https://www.goodchoice.kr/product/detail?ano=1146&adcno=1&sel_date=2023-07-30&sel_date2=2023-07-31
https://www.goodchoice.kr/product/detail?ano=13483&adcno=1&sel_date=2023-07-30&sel_date2=2023-07-31
https://www.goodchoice.kr/product/detail?ano=60976&adcno=1&sel_date=2023-07-30&sel_date2=2023-07-31
https://www.goodchoice.kr/product/detail?ano=2925&adcno=1&sel_date=2023-07-30&sel_date2=2023-07-31
https://www.goodchoice.kr/product/detail?ano=45853&adcno=1&sel_date=2023-07-30&sel_date2=2023-07-31
https://www.goodchoice.kr/product/detail?ano=1981&adcno=1&sel_date=2023-07-30&sel_date2=2023-07-31
https://www.goodchoice.kr/product/detail?ano=62917&adcno=1&sel_date=2023-07-30&sel_date2=2023-07-31
https://www.goodchoice.kr/product/detail?ano=68089&adcno=1&sel_date=2023-07-30&sel_date2=2023-07-31
https://www.goodchoice.kr/product/detail?ano=61523&adcno=1&sel_date=2023-07-30&sel_date2=2023-07-31
https://www.goodchoice.kr/product/detail?ano=74128&adcno=1&sel_date=2023-07-30&sel_date2=2023-07-31
https://www.goodchoice.kr/product/detail?ano=62917&adcno=1&sel_date=2023-07-30&sel_date2=2023-07-31
https://www.goodchoice.kr/product/detail?ano=68089&adcno=1&sel_date=2023-07-30&sel_date2=2023-07-31
https://www.goodchoice.kr/product/detail?ano=61523&adcno=1&sel_date=2023-07-30&sel_date2=2023-07-31
https://www.goodchoice.kr/product/detail?ano=74128&adcno=1&sel_date=2023-07-30&sel_date2=2023-07-31
https://www.goodchoice.kr/product/detail?ano=5456&adcno=1&sel_date=2023-07-30&sel_date2=2023-07-31
https://www.goodchoice.kr/product/detail?ano=826&adcno=1&sel_date=2023-07-30&sel_date2=2023-07-31
https://www.goodchoice.kr/product/detail?ano=1146&adcno=1&sel_date=2023-07-30&sel_date2=2023-07-31
https://www.goodchoice.kr/product/detail?ano=62917&adcno=1&sel_date=2023-07-30&sel_date2=2023-07-31
https://www.goodchoice.kr/product/detail?ano=13483&adcno=1&sel_date=2023-07-30&sel_date2=2023-07-31
https://www.goodchoice.kr/product/detail?ano=68089&adcno=1&sel_date=2023-07-30&sel_date2=2023-07-31
https://www.goodchoice.kr/product/detail?ano=61523&adcno=1&sel_date=2023-07-30&sel_date2=2023-07-31
https://www.goodchoice.kr/product/detail?ano=60976&adcno=1&sel_date=2023-07-30&sel_date2=2023-07-31
https://www.goodchoice.kr/product/detail?ano=2925&adcno=1&sel_date=2023-07-30&sel_date2=2023-07-31
https://www.goodchoice.kr/product/detail?ano=1088&adcno=1&sel_date=2023-07-30&sel_date2=2023-07-31
https://www.goodchoice.kr/product/detail?ano=45853&adcno=1&sel_date=2023-07-30&sel_date2=2023-07-31
https://www.goodchoice.kr/product/detail?ano=1998&adcno=1&sel_date=2023-07-30&sel_date2=2023-07-31
https://www.goodchoice.kr/product/detail?ano=1981&adcno=1&sel_date=2023-07-30&sel_date2=2023-07-31
https://www.goodchoice.kr/product/detail?ano=45288&adcno=1&sel_date=2023-07-30&sel_date2=2023-07-31
https://www.goodchoice.kr/product/detail?ano=74128&adcno=1&sel_date=2023-07-30&sel_date2=2023-07-31
https://www.goodchoice.kr/product/detail?ano=965&adcno=1&sel_date=2023-07-30&sel_date2=2023-07-31
https://www.goodchoice.kr/product/detail?ano=827&adcno=1&sel_date=2023-07-30&sel_date2=2023-07-31
https://www.goodchoice.kr/product/detail?ano=825&adcno=1&sel_date=2023-07-30&sel_date2=2023-07-31
https://www.goodchoice.kr/product/detail?ano=13168&adcno=1&sel_date=2023-07-30&sel_date2=2023-07-31
https://www.goodchoice.kr/product/detail?ano=3544&adcno=1&sel_date=2023-07-30&sel_date2=2023-07-31
https://www.goodchoice.kr/product/detail?ano=12438&adcno=1&sel_date=2023-07-30&sel_date2=2023-07-31
https://www.goodchoice.kr/product/detail?ano=62917&adcno=1&sel_date=2023-07-30&sel_date2=2023-07-31
